CHR:POS 0203054 0203057 0203060 0203075
9:7971035 1 0 0 1
6:108253031 1 1 1 2
3:69351214 0 0 2 0
24:37790542 2 2 2 2
24:25042409 0 0 0 0
10:39506399 1 0 0 0
15:39689070 0 0 1 1
8:57214294 1 1 0 1
14:10280353 1 0 1 0
13:21611119 1 2 2 2
5:118557260 1 0 0 0
8:87493566 2 2 2 1
29:40082365 2 2 1 2
2:61307645 0 1 0 0
1:142716382 0 0 0 0
11:2905260 0 0 0 2
28:31419317 0 1 0 0
11:5720981 0 0 0 0
1:75582217 2 2 0 1
14:6187144 0 0 0 0
8:97946652 0 0 2 0
9:98421589 1 0 1 0
8:94974681 0 0 0 0
3:1077484 0 0 0 0
2:132757476 0 0 1 0
15:62031361 0 0 0 0
27:27198205 0 0 0 0
13:60172120 0 0 0 0
20:24327639 0 1 0 0
13:58944000 0 1 0 0
2:51180799 1 1 1 2
24:47199247 1 0 0 0
8:8637640 2 1 1 1
26:14684235 0 0 0 1
25:5345740 2 2 1 2
7:7826519 1 0 1 0
1:128535219 0 0 0 0
14:65798838 0 0 0 0
15:68236315 1 0 0 0
3:46965175 0 0 0 0
9:69743629 1 1 1 0
22:58687431 0 0 0 0
15:44740936 1 2 2 2
17:69905046 0 1 0 1
28:22545012 0 0 0 0
9:66385963 0 0 0 0
27:31142825 1 2 0 1
24:59805951 0 0 0 0
22:5956095 0 1 2 0
6:102491470 1 1 0 0
10:102769572 1 0 0 0
16:13850816 1 1 1 1
29:13124728 0 0 0 0
11:49868126 0 0 1 0
16:67112584 1 1 2 0
22:45718662 0 0 1 0
20:23004136 1 1 1 2
13:4584776 0 0 0 0
9:78605841 1 2 1 1
8:28688711 2 2 2 2
9:72782351 0 0 0 0
3:94730882 0 0 0 0
6:113486708 1 2 1 2
1:69505924 1 1 0 1
17:14043939 0 0 0 0
29:17406594 0 1 1 2
20:28761937 0 1 0 0
2:1134028 0 1 0 0
22:43247561 0 0 0 0
2:2115886 1 1 2 2
5:7713687 1 2 1 2
27:22357494 2 2 2 2
28:1724470 0 2 0 0
17:57103796 2 1 1 0
1:114228642 1 0 1 2
10:101279759 1 1 1 0
2:77442696 0 0 0 0
2:74652697 0 1 0 1
23:31830375 0 1 0 0
15:77734740 0 0 0 0
8:23093009 0 0 0 0
24:53576856 0 0 0 0
11:48046574 0 0 0 0
9:101494600 0 0 0 0
8:63943276 0 0 1 0
15:66558651 2 1 2 2
1:139395297 0 1 1 0
22:33070798 0 1 2 1
1:114443869 0 0 0 0
1:136651996 2 2 1 2
1:44080182 0 1 0 2
1:43055592 2 0 0 0
12:9522013 0 1 0 1
17:14210367 2 1 2 1
27:15844359 1 0 0 1
24:15504650 0 1 2 1
9:89398191 0 0 0 0
20:38598690 0 1 0 0
13:20807835 0 2 2 2
12:15012231 0 0 0 0
15:30311706 0 0 0 0
11:78605364 1 1 0 0
18:1253630 0 0 0 0
15:75881157 0 0 1 0
12:86320309 1 1 1 1
2:102000437 0 2 1 1
24:2431540 1 1 1 0
1:99259297 1 0 0 1
20:7625182 1 0 1 1
2:18507837 0 2 0 0
20:66538521 0 0 0 0
9:21838689 2 0 0 2
10:7054226 0 0 0 0
23:49943670 0 0 0 0
18:22113150 1 1 1 0
29:19314797 0 2 1 2
4:11379007 1 0 1 2
5:65659188 0 0 0 0
21:3461684 2 1 1 1
2:127416870 1 0 0 1
7:13437083 0 0 0 0
3:8892492 2 1 2 2
26:8520874 0 0 0 0
13:23843125 1 0 0 1
10:90653508 0 0 0 0
15:13244434 0 1 2 2
21:53213825 0 0 0 0
28:41882791 0 0 0 1
18:3323033 0 1 1 0
19:63366333 2 1 1 1
10:14914101 0 0 0 0
26:51231895 1 0 1 0
3:85627808 0 0 0 0
9:23054972 0 0 0 0
8:71717537 0 0 0 0
25:20513038 1 1 2 2
7:65533189 0 0 1 0
10:3353556 0 0 0 0
15:35943650 1 2 1 1
13:57276592 0 0 0 0
10:94748723 2 2 1 1
20:3511712 1 1 1 2
18:60458491 1 0 0 1
1:129644167 2 2 2 2
5:52489681 0 0 1 1
18:10850969 0 2 1 0
10:18579379 1 2 2 0
21:34658036 1 0 2 1
3:107886971 1 2 1 1
22:8135614 1 0 0 1
16:18718465 2 2 2 1
10:4657144 0 1 0 0
25:19116452 1 1 1 0
16:33996376 2 1 1 0
4:45357428 2 2 1 1
28:23942542 1 1 1 2
2:57183156 0 2 1 0
26:35805355 1 1 2 1
19:37336714 1 2 2 0
2:117157510 0 0 0 0
15:71657309 1 1 0 1
5:15939503 2 2 2 2
18:3078875 0 2 0 2
13:42616203 0 0 1 2
23:41576545 0 1 2 0
4:115708265 2 1 1 2
5:51595341 0 0 0 0
4:86736551 0 1 0 1
11:89119379 0 1 0 0
7:16143252 0 0 1 2
2:34248682 1 2 0 1
3:67755826 0 0 1 0
14:27922697 0 0 0 0
17:61342763 2 0 1 0
5:4209232 1 1 1 2
29:21426699 0 0 0 0
11:50284748 2 2 1 1
6:65831887 1 0 1 1
3:35591249 1 1 2 2
24:52013570 1 1 1 1
17:26061531 0 0 0 0
26:18373516 0 0 0 0
14:14767812 0 0 0 0
2:25433245 0 1 0 0
5:116793335 0 0 0 0
6:81520530 0 0 0 0
6:23921917 2 0 1 0
27:28021146 1 0 2 2
18:7691687 0 0 1 0
22:36828995 0 0 0 1
2:23333636 0 0 0 0
17:41605440 2 1 1 1
20:16722250 2 2 2 2
7:80265547 0 1 0 2
13:4861339 1 0 0 0
4:95632415 1 2 1 2
1:68475037 0 0 0 0
6:110014469 1 2 2 2
12:73618819 1 1 1 2
29:46305612 1 1 2 0
6:71564183 2 2 2 2
12:36293073 1 2 2 2
28:21200007 0 0 1 1
21:44732452 0 0 0 0
17:48421031 0 1 0 0
17:7383725 0 2 2 1
13:68105838 1 1 0 1
23:36035941 1 2 0 1
12:67371221 1 2 1 2
4:106117676 0 0 0 0
8:49249041 2 2 1 1
11:20780264 1 2 2 1
20:61259477 0 1 2 1
8:34431383 0 0 1 0
2:123540399 2 0 0 1
3:89691971 0 1 2 2
13:41887921 2 2 2 1
27:2375696 2 2 2 2
19:28365842 0 0 0 0
11:76734571 2 2 2 0
3:84552593 0 1 0 1
19:63394268 0 1 0 1
11:58075851 1 2 0 1
8:45410408 0 0 0 0
17:41099881 1 1 1 1
10:29621396 0 0 0 0
8:31985148 0 0 0 0
13:11185202 2 1 1 1
4:107287469 2 0 1 0
5:101970991 0 0 0 0
9:103687499 2 0 0 1
10:33827072 2 1 2 1
13:29834257 1 0 2 1
1:129539977 0 0 0 1
6:33027395 0 0 0 0
10:36360417 0 0 0 1
27:1063047 0 2 1 1
11:47664861 2 2 0 2
6:73425497 1 0 2 2
24:61343000 0 0 1 0
5:63322237 1 0 0 0
16:55770643 0 0 0 0
3:925091 1 0 0 1
27:2218335 0 0 0 0
12:5280394 0 0 0 0
19:7821844 2 1 2 2
21:47978264 0 0 0 0
3:6871565 0 0 0 1
7:28280363 2 2 1 2
1:37675436 0 0 0 0
4:102407192 0 0 0 0
17:20182764 2 1 2 2
10:8302131 0 0 0 0
10:101754449 1 1 1 2
23:40592932 1 1 1 1
18:57724073 0 0 0 0
15:52584445 0 2 1 2
18:15511953 1 0 0 0
15:38817028 0 0 0 0
2:70073745 0 0 0 1
17:59243112 0 2 0 0
10:34405453 0 0 0 0
13:82033131 2 2 2 2
5:69715289 0 0 0 1
29:30817192 0 0 1 0
25:32076649 1 2 1 1
11:103172169 0 0 0 0
16:22685334 2 1 2 1
9:63496453 0 1 1 1
1:122382800 0 0 0 0
10:38727393 0 2 1 0
13:16413140 0 1 0 1
3:89182092 2 2 2 2
21:3762883 0 1 0 0
10:93621165 0 2 0 1
12:77695108 2 1 1 1
15:72365300 2 1 2 2
17:72702559 0 0 1 0
21:55312084 0 2 0 2
1:102030417 2 1 1 0
4:24227005 0 0 0 0
22:32579929 0 0 1 1
21:20500937 0 0 0 0
9:15845849 0 0 0 1
5:38680181 0 0 0 0
10:68395829 2 2 2 1
6:88971756 0 0 0 0
6:54966829 0 0 0 0
4:82008654 1 0 0 0
10:52540713 0 0 1 1
1:11393341 0 0 0 0
17:36332406 0 1 0 0
27:15724630 1 0 0 0
18:61829405 2 2 2 1
20:53778993 0 1 2 0
13:46469529 1 2 2 1
15:78489475 0 1 0 0
23:30677092 1 2 0 1
8:41657292 0 0 0 0
2:64745439 0 1 1 1
8:104028548 0 0 0 1
10:26736079 2 2 0 2
2:15369020 1 0 1 2
1:72970419 1 0 0 0
23:24043624 2 2 2 2
8:73962026 0 2 1 1
7:92723394 1 0 1 0
13:3110901 0 0 0 0
19:54306983 0 0 1 0
4:104158039 0 0 0 0
22:47677276 0 0 0 0
19:40094564 2 1 2 2
28:9260403 0 0 1 0
24:32970426 0 0 0 0
10:47934140 1 0 1 2
14:31635251 2 2 2 2
8:68190711 1 1 1 1
2:14558517 0 1 0 0
6:106514970 0 0 0 0
15:425076 1 1 0 1
8:8738510 0 1 0 0
24:62285106 2 0 1 1
13:41395185 1 2 2 1
25:35476499 0 0 0 0
6:95705170 0 0 0 0
10:14309461 1 2 1 2
2:83226939 2 2 1 2
26:35894315 0 0 0 0
5:43620474 1 0 2 2
2:74141072 0 0 0 0
24:41257486 0 1 1 1
4:16516517 2 2 2 2
7:6191159 0 1 0 0
18:60979134 0 1 0 1
29:38822978 1 0 1 2
13:79551614 1 0 2 0
9:22424874 0 0 0 0
10:24980584 0 1 0 1
14:74246541 0 0 1 0
13:50872506 0 1 0 0
26:20136392 1 0 0 0
10:46109695 0 1 2 0
14:73671247 1 1 2 2
12:23166710 2 1 2 1
2:111341063 2 1 1 1
5:50844159 0 0 0 0
28:43702378 1 2 2 0
9:97586121 0 1 0 0
26:50860939 1 0 0 0
6:74524735 0 0 0 0
16:53286532 0 1 1 1
18:1537985 1 0 0 0
9:67781614 2 1 1 1
5:75315018 2 2 1 1
27:25137765 1 0 1 1
14:46601980 0 0 1 0
4:13654133 0 0 0 0
12:63129628 2 1 1 0
1:123321511 1 2 0 1
6:105885526 1 1 1 2
2:23623348 2 2 1 0
2:21012797 1 1 0 0
18:39326531 0 0 0 0
21:20643845 2 1 0 0
9:80757764 1 2 0 2
27:24801066 1 0 1 0
13:73973574 2 1 1 2
2:64643922 0 0 0 0
13:25703791 0 0 0 0
2:96999769 0 0 0 0
1:101605223 1 0 0 0
18:60991807 0 0 0 0
20:36042536 2 0 2 1
11:89757557 1 0 1 1
8:108259815 0 0 0 0
3:87065601 0 0 0 0
27:17502932 2 1 1 2
24:23489457 0 1 1 0
29:30604968 0 1 0 1
6:22818861 0 1 0 0
15:65351695 1 0 0 1
19:27194350 2 2 2 2
18:41596369 0 1 0 1
6:28831915 1 2 0 1
7:36707024 2 2 2 2
7:77415148 1 1 1 2
7:25327996 1 2 2 2
25:18775634 0 0 1 0
7:7864876 0 0 0 0
11:6891295 0 0 0 0
4:90703921 2 1 1 1
12:53708558 0 0 1 0
1:119149292 1 1 1 0
13:47889265 0 0 0 0
9:56417196 0 0 2 0
4:19838808 2 1 2 1
12:20264317 0 0 0 2
7:104993611 1 0 0 0
6:15746666 0 0 0 0
11:54641231 1 0 1 2
24:11916562 1 1 1 0
21:12721198 0 0 0 0
1:28283714 0 1 2 2
6:19563368 2 1 2 1
2:89694742 1 0 0 0
7:102448111 0 0 1 0
6:20544089 2 2 1 2
16:20630637 1 1 1 1
13:21288342 0 0 0 1
20:34491277 1 0 0 2
14:53875061 0 2 2 1
4:56781911 0 0 1 0
27:27473991 2 2 0 1
27:1464845 1 2 0 0
28:9027550 0 0 0 0
29:41202381 2 0 1 0
1:37943059 0 0 1 1
26:2672629 1 0 2 0
4:40971988 0 0 1 0
9:71576822 1 1 0 1
29:39331324 0 0 1 0
5:68857060 1 0 0 0
16:3165927 0 0 0 0
11:99584867 0 2 0 1
18:60836428 2 1 0 1
1:101908515 0 1 1 2
12:10337309 1 2 1 2
2:105897760 1 1 1 0
28:32960012 1 1 2 0
24:56514786 0 0 0 0
29:2806939 0 0 0 0
10:92028345 2 1 2 1
17:6428769 0 2 0 0
5:90614126 0 1 2 1
4:25254593 0 1 1 0
1:6256570 0 0 0 0
3:45755714 0 0 1 1
16:52683725 0 1 1 0
17:14185948 0 0 0 0
7:80517525 2 0 1 1
23:20447478 2 2 2 2
26:8599566 0 0 0 0
2:46363807 0 0 2 0
22:56088709 0 0 0 0
3:26094057 2 2 1 1
2:4572014 0 1 1 0
12:86916810 1 0 0 1
8:11214677 1 1 0 2
6:47125268 0 0 0 0
4:13793710 1 1 0 0
2:117291080 0 0 2 2
1:147680706 0 0 0 0
21:61060244 0 1 1 0
3:13434140 1 2 1 1
17:8385806 1 0 1 1
6:571950 0 1 1 0
23:21237772 0 0 0 1
2:132945227 1 0 1 0
2:5046533 0 0 0 0
4:77144829 0 0 1 0
5:11068951 0 0 0 0
2:103068531 1 1 0 1
15:14132064 1 0 1 1
9:7303092 0 0 1 0
17:19335600 0 1 1 1
14:78278610 1 0 1 0
21:1426588 0 0 0 0
19:11658735 1 0 1 0
23:39682851 2 2 1 2
5:116970046 0 0 0 1
10:29097715 0 0 0 0
3:49526387 0 1 2 1
1:37067462 0 2 1 1
12:85647597 0 0 1 1
1:38959750 2 0 1 1
1:73546709 0 0 0 0
16:35953491 0 0 1 1
13:43523086 0 1 0 0
14:69355424 0 0 0 0
4:90948574 0 0 1 0
20:10663266 2 2 2 2
5:63412736 0 0 0 0
19:1717318 1 1 0 1
2:87132678 1 1 0 0
8:9331720 1 0 0 1
9:92178679 2 2 0 1
3:92331525 2 2 2 2
17:39565028 0 0 0 0
19:33875610 0 0 0 0
14:59371770 1 2 2 1
17:43761956 0 1 1 0
11:36586917 0 0 0 0
22:20957887 1 0 1 0
21:50591040 0 0 0 0
12:81870738 2 2 2 0
17:39287954 0 1 1 0
9:48147024 2 2 2 2
25:40692821 0 1 2 0
21:48054446 2 2 2 2
4:34781782 0 1 1 0
11:82763577 2 2 2 2
14:5015549 2 1 0 0
4:849732 0 1 0 0
12:22821830 2 2 2 2
14:71676781 1 1 0 2
4:32389569 0 0 0 0
14:13161583 0 0 0 0
14:5033805 0 0 2 2
8:104411321 1 1 2 0
4:71730841 1 1 2 2
1:143911735 0 2 1 0
27:13263544 0 2 0 0
6:12854950 2 2 2 1
18:26416245 1 0 0 0
19:7997783 1 1 2 0
5:61553872 1 1 2 1
17:4331483 0 0 0 0
22:29059600 2 0 1 0
2:122229846 0 2 0 1
27:20572504 2 2 0 1
9:94234416 0 0 0 0
18:58751858 0 1 0 0
8:97829488 1 2 1 2
7:3503058 1 1 0 2
5:68573932 1 0 0 0
9:55501987 2 2 2 2
14:75883047 0 1 0 0
1:139180601 2 1 1 2
6:39134621 1 0 1 0
8:99459830 0 0 1 0
25:20506018 0 1 1 0
16:74728164 0 2 1 1
10:89327128 0 1 1 1
5:98613229 1 1 1 0
20:58727060 0 0 0 0
6:37984948 0 0 0 0
13:49213200 0 0 0 0
22:36204863 0 0 1 0
19:41789081 0 2 1 2
8:110006554 2 1 2 1
27:26663876 1 0 1 0
29:47078907 1 2 0 0
6:116130865 0 0 0 0
18:49347427 1 0 0 1
5:48297010 0 0 0 0
20:34058143 1 1 0 0
9:87029338 0 0 0 0
6:34063751 0 1 1 2
22:54871664 1 0 0 0
26:37036843 0 1 0 1
7:47753654 1 0 1 1
27:22804682 0 0 0 0
19:56905131 0 0 1 0
10:11296533 0 1 1 0
6:109913872 0 0 1 1
13:25173888 1 1 1 0
20:37564656 1 0 0 1
22:57802048 0 0 0 0
9:25658209 1 0 0 0
5:114918140 0 0 0 0
24:25914635 0 0 0 0
11:86512168 1 1 2 2
2:27007857 2 2 1 2
13:44572413 1 2 2 2
4:3986050 1 1 0 0
9:54765883 0 0 0 0
12:12477073 0 0 0 0
7:79784609 1 0 0 0
5:91550242 1 2 0 0
6:86004896 1 2 1 0
1:46231769 0 1 1 1
11:62532863 2 2 2 1
3:38158369 0 0 1 1
24:52049433 0 0 0 0
24:47208502 2 1 1 2
22:59602155 0 0 1 1
13:55311496 2 1 1 2
3:76487750 0 0 0 0
11:14847367 1 2 2 2
27:16117148 0 0 1 0
6:114720906 1 1 1 0
11:100065903 0 0 0 0
23:27417617 0 1 1 0
12:85570050 0 1 1 0
6:59540224 0 1 1 0
16:79262632 0 1 1 1
28:1041933 1 1 0 0
11:67554551 2 2 2 1
11:33219114 0 0 0 0
9:72469340 1 1 1 1
4:44317464 0 0 0 0
3:27605050 0 1 0 0
4:13711087 0 1 0 0
8:104538569 1 1 0 2
9:8168053 1 1 0 0
29:3627785 2 2 2 2
14:45246605 0 0 0 0
23:17123664 2 0 0 1
12:76980619 0 0 0 0
29:18729545 2 2 2 1
13:52806791 2 1 2 1
26:34426080 0 0 1 2
22:56769976 1 1 0 0
13:31095000 0 1 0 0
25:35431565 2 1 1 1
17:10165234 2 1 1 1
3:65561328 1 0 1 1
27:4606646 2 2 1 1
4:17452214 1 2 1 2
3:90904106 1 2 1 1
14:44925822 0 2 0 1
11:81886951 0 0 1 1
12:65829773 0 0 0 1
15:45417251 2 1 0 0
12:64991574 0 1 0 0
3:71156948 1 1 0 1
22:27431032 2 0 1 2
14:19356802 0 1 1 2
11:49383792 0 0 1 0
26:6255693 0 2 1 1
3:108098428 1 0 0 1
29:49884751 0 0 1 0
14:45674058 0 0 0 0
1:146452924 0 0 0 0
11:9445956 2 2 2 2
18:28966328 2 2 2 2
21:50924355 0 0 1 0
2:24445851 1 1 1 2
28:12995445 1 1 2 2
22:38541531 0 0 0 0
4:82740330 1 0 0 1
6:69054662 2 0 0 1
12:15280898 0 0 0 0
29:927573 0 1 0 1
22:30210927 0 0 0 0
18:11764145 0 0 1 0
1:101324293 0 0 0 1
3:34197518 0 0 0 0
2:87044915 1 0 0 0
15:28143712 0 0 0 0
13:80426976 1 1 0 1
15:30286784 0 0 0 0
1:133176376 0 0 0 0
1:58155560 0 1 0 1
26:6855841 1 0 0 1
18:8866885 0 0 1 1
13:69497756 2 2 2 2
13:10348116 1 0 2 1
7:24631335 0 0 0 2
13:30556687 0 1 2 0
6:19725889 1 0 0 0
14:57585886 1 2 2 1
2:78594843 1 0 1 2
26:20820083 0 0 0 0
9:60215446 2 1 2 1
15:26859383 0 0 0 0
9:31855513 1 0 1 0
22:7952957 1 1 1 0
1:74560071 1 1 1 1
12:48798897 1 1 2 0
6:12446593 1 1 1 1
26:33369070 1 2 2 2
4:49216393 1 0 0 1
8:109573222 0 0 0 0
5:119018473 1 1 0 0
1:92731956 0 1 0 0
25:5086885 0 0 0 0
10:43324558 1 0 1 0
20:64506279 0 2 1 0
9:20289436 2 1 1 2
23:6568186 0 0 0 0
8:53929963 0 0 0 0
11:40012442 0 2 1 0
1:67341617 0 0 0 0
20:38918636 0 0 0 0
10:41130429 1 0 0 0
2:115883562 1 1 2 2
17:5572908 1 0 0 0
16:19378655 0 1 0 1
16:6063801 1 1 0 0
5:118597364 0 0 0 0
27:25249402 0 1 0 1
20:6570491 1 0 1 2
18:58645893 0 0 0 0
3:82734662 0 1 2 2
1:36343357 0 0 1 1
1:13714957 0 0 0 0
27:44113345 0 0 0 1
28:25247522 0 0 0 0
4:23962808 0 1 1 1
3:63742634 1 1 1 2
17:140669 0 0 0 0
15:43495066 0 0 0 1
12:34314797 0 1 2 0
26:23375048 0 0 0 1
6:23664011 1 0 0 2
3:82528536 0 0 0 1
29:48391829 0 1 1 0
12:15446391 1 1 1 1
8:14308788 1 0 0 0
24:13798364 1 1 1 0
4:13107726 0 0 1 2
16:53691269 1 0 0 0
3:45778999 0 0 0 1
21:22116400 0 0 1 0
28:38276203 1 0 2 1
5:17995466 2 1 2 1
18:60805623 0 0 0 0
4:53051917 0 0 0 0
1:140361199 1 2 1 1
5:70779328 0 0 0 0
29:50732197 0 0 0 0
5:118513402 0 0 0 0
20:59328908 0 1 0 0
12:17634876 1 2 1 2
16:20805262 1 1 2 2
6:78336729 0 0 0 0
14:31362315 0 0 1 1
27:45076648 0 1 0 1
15:58510899 1 1 0 0
17:19646367 0 0 0 0
11:25292810 2 2 2 1
7:94699747 0 0 1 0
13:78588631 0 0 0 0
17:59683258 2 0 1 1
11:77210219 0 0 0 1
8:47971629 1 0 1 1
29:8727236 0 0 0 0
5:108881165 0 0 0 0
10:87861865 0 0 0 0
25:20397883 0 1 0 1
9:21945248 2 2 2 1
21:11337374 1 0 0 0
8:109884757 0 1 0 1
24:53627866 0 0 0 0
10:32312163 0 0 0 0
1:146011456 0 1 0 0
3:17157832 1 1 1 1
18:65156627 2 2 2 2
13:27106351 0 0 0 0
5:117440355 0 1 0 0
1:52180985 2 1 1 0
26:37432082 1 0 0 1
6:77677809 0 0 0 0
3:241465 2 2 0 0
1:130865392 0 0 0 0
12:26482954 0 0 0 0
5:54259191 2 1 2 2
2:94977406 0 0 2 0
9:18998899 1 1 1 0
26:46368988 0 0 1 0
17:45466684 0 0 0 0
5:74608943 0 0 1 0
5:45038237 2 2 0 1
2:132975010 0 0 1 0
19:16679576 0 0 0 0
13:76755854 0 0 0 1
4:78347124 0 0 0 0
16:74617004 1 1 1 0
15:71446750 0 1 2 1
21:52850317 1 1 1 2
5:7100264 1 0 1 2
7:100597387 0 0 2 0
7:103188341 2 1 1 0
5:111185047 0 0 0 1
11:7560931 0 2 1 0
16:32818148 0 1 1 1
21:16883014 0 0 0 0
16:65076966 0 0 0 0
28:45302205 0 0 0 0
9:2615386 1 1 1 2
3:56227225 0 1 0 0
11:2934392 2 1 1 2
19:9219216 0 0 0 0
1:25375613 2 2 1 1
2:43252411 0 0 0 0
9:3676892 2 1 1 2
22:56208705 1 1 0 1
13:82161151 0 0 0 0
13:62669211 1 0 0 0
19:46324676 0 0 0 0
22:9118101 0 0 0 0
20:9098954 1 2 1 1
12:82301466 0 0 0 0
8:23085232 1 0 1 1
5:78054306 2 1 1 2
4:117452783 2 2 1 2
17:44886429 2 1 2 1
3:15227164 0 0 0 0
9:80293334 1 0 0 1
25:33584178 1 0 0 0
15:4533941 0 0 0 0
6:67534501 0 0 0 0
22:21629776 2 1 2 1
9:30291570 1 0 0 2
16:20304919 0 2 1 0
26:45025159 0 0 1 0
27:7236388 1 1 1 1
7:108184476 1 1 1 1
9:46558088 1 0 0 1
29:1003049 2 2 0 1
21:15456440 0 1 0 0
7:33533159 2 0 0 0
15:47921425 0 1 0 1
7:5519679 1 0 1 0
9:5921308 2 2 1 2
8:10752010 1 0 0 0
23:41967772 1 1 1 1
20:21013941 0 0 0 0
2:102038989 0 1 0 1
11:23595337 2 2 1 1
9:34629355 0 1 0 0
4:96052676 2 0 2 0
27:38329501 0 0 0 0
16:30792699 1 1 0 0
14:80037149 0 0 0 0
15:2141147 0 1 2 0
18:27500913 0 0 0 0
16:9958562 0 0 1 0
29:48556290 2 2 2 2
29:6415691 2 1 0 1
12:28367507 0 0 0 0
10:30529676 0 0 0 0
2:56260113 0 1 0 2
7:83690764 0 1 0 0
20:49581311 0 1 1 0
26:3371699 1 0 1 1
23:37229308 0 1 1 0
5:99702875 2 2 1 2
26:49605846 2 2 2 2
14:81478553 0 2 2 1
17:29707248 0 0 0 0
7:45087136 0 0 0 0
28:22155317 2 1 0 1
15:66321857 0 0 0 0
2:28616587 0 0 0 0
22:27811761 0 0 1 0
11:45160784 1 2 1 2
9:68140871 2 2 2 2
10:4003484 0 1 1 1
6:45169449 0 1 0 0
12:75856892 1 1 2 0
13:44167098 0 0 0 0
3:118284138 0 0 0 0
1:28622841 0 0 0 0
14:30352630 1 0 2 2
24:10318170 1 0 2 1
24:11619665 1 0 0 2
24:1302332 1 0 1 2
6:53978519 1 2 2 1
3:43464163 0 0 0 0
27:43386206 0 0 0 0
13:75101244 2 2 2 1
2:76799311 0 1 0 2
29:7827264 0 0 0 1
1:156520747 2 1 0 2
17:51640487 0 0 0 0
7:97431700 1 1 1 0
26:4741426 0 1 0 2
1:36972394 0 0 0 0
26:8577920 2 2 2 2
12:62030317 0 0 0 0
20:52623005 0 0 0 0
29:47706585 0 1 2 1
28:10810467 0 0 1 0
6:63992501 1 2 1 2
17:47530785 0 0 0 0
27:9703282 1 2 0 2
20:5868278 1 0 0 0
9:8131565 0 0 0 1
10:16614090 2 1 1 2
20:56710990 0 0 0 0
10:41667967 1 0 1 1
16:72513034 2 2 1 1
5:67273113 0 0 0 0
1:1214871 1 0 0 1
25:35946005 0 0 0 0
4:1830642 0 0 0 0
10:94462852 0 0 0 0
15:70365686 2 1 1 1
29:37751908 0 0 1 1
2:123042755 0 0 1 0
4:50083496 0 0 1 0
19:57151885 2 1 0 2
27:2203329 1 0 1 0
23:33367475 1 1 1 2
28:12151077 0 1 0 0
7:73806449 0 0 0 0
5:64146554 1 2 0 0
1:75944134 0 2 0 0
1:18909095 1 2 2 2
10:101667057 0 1 1 0
17:9651227 1 1 1 1
7:101384894 0 0 0 0
8:104587092 1 0 0 1
5:38273755 0 0 0 0
24:59197704 1 1 2 2
24:20449705 0 1 0 1
4:75098418 0 0 0 0
5:102807810 1 2 1 1
7:99161127 1 1 0 0
19:59446778 1 1 1 0
8:12827001 1 0 2 1
6:38111252 1 1 0 1
5:92297515 0 0 0 0
23:40362469 1 0 0 0
12:34253109 0 0 1 0
1:99982289 0 0 0 0
8:39658491 0 1 1 1
29:4721013 0 0 0 1
23:5322997 0 1 0 0
27:2389572 2 1 1 1
3:1637018 1 1 1 1
27:16406922 0 2 0 1
18:16030551 0 0 0 0
12:5794145 0 2 1 2
1:131966894 0 0 0 1
28:40554244 0 0 1 0
23:30939811 1 1 0 1
29:47870743 1 1 2 2
29:50623079 2 2 2 2
2:66900530 0 0 1 0
28:44790547 1 1 2 1
11:87404783 0 1 1 0
4:3495583 0 0 2 2
6:10157014 2 2 2 2
21:51330310 0 0 0 0
2:37622306 0 0 0 0
1:100767352 1 2 0 2
10:67751559 0 0 0 0
4:33406321 0 1 2 1
3:87508406 0 0 0 0
28:1280152 0 1 2 2
4:3245115 0 0 0 0
6:30929352 1 0 1 1
4:85707916 1 1 2 0
19:59279469 0 0 1 0
17:20393055 1 0 0 1
5:33625891 0 1 0 0
23:11348140 0 0 0 0
19:16918094 1 2 0 1
15:46343478 1 1 0 1
6:73282246 1 0 0 0
16:58931274 2 0 0 1
25:25283812 1 1 1 0
5:74289718 1 1 1 1
6:96271851 1 0 0 0
1:149976506 0 0 0 0
25:6978761 0 0 0 0
14:22409894 2 1 2 1
18:64827788 2 0 1 1
1:28919371 0 1 0 0
14:43528871 0 0 0 0
9:88685830 0 1 1 1
18:49810030 0 0 0 1
1:5455027 0 1 0 0
3:55491157 1 0 0 0
3:21844197 0 0 0 0
13:22945708 0 0 0 0
22:29673614 0 0 2 1
9:9483670 0 0 0 0
3:25991119 2 1 1 0
8:107569107 1 2 2 2
17:54980443 1 0 1 1
2:112980015 2 2 1 1
5:109680843 1 1 1 2
1:100626277 1 1 0 2
8:35570186 0 0 0 1
18:60662812 1 1 0 1
24:2033425 0 0 0 0
11:78253129 0 0 0 0
23:10728486 2 2 2 2
3:109863447 0 0 0 0
20:22430638 0 1 0 0
20:23990386 2 1 2 0
4:28414260 2 2 2 2
23:5377159 0 1 0 0
7:14261779 0 1 0 0
4:97739963 1 0 1 0
25:18256458 0 0 0 0
24:48746585 2 1 1 1
13:46955267 0 0 0 0
11:41429265 0 0 1 1
22:30508730 0 0 0 0
8:71034796 0 0 0 0
6:48105579 1 2 2 2
2:21612355 0 0 0 0
2:104517610 2 1 1 2
10:56390649 0 0 0 0
12:78878012 0 0 1 1
10:52567010 0 0 0 0
3:40623673 0 1 0 0
17:17727980 2 2 2 0
5:117430557 0 0 0 0
10:1372334 0 0 1 0
23:12482323 1 1 2 1
25:9374892 1 0 0 2
27:4101631 2 2 0 2
6:15921166 1 0 0 1
17:63142417 2 2 1 1
10:66787775 1 1 0 0
10:42324465 0 1 2 2
14:52047341 0 0 0 1
2:123772136 0 1 0 0
11:96067778 2 1 2 1
2:37264254 0 0 0 0
29:41161373 0 0 0 0
27:27625905 0 0 0 0
13:19817934 0 0 1 0
1:92647453 2 1 2 0
2:87717683 1 0 0 0
22:59662104 2 1 2 0
5:88224576 0 0 1 0
6:74114785 0 1 1 0
20:10501919 0 0 0 0
12:23111082 1 0 1 0
14:80175843 0 0 2 1
10:101517455 0 0 1 0
18:24210373 2 1 1 1
13:15918569 0 0 0 0
10:95891682 2 2 2 1
23:2259067 1 1 2 2
3:76754539 0 0 0 0
24:45993686 0 1 1 0
10:64656143 1 1 0 0
3:91092902 1 2 2 2
1:20770580 1 1 1 2
4:87095029 0 0 0 0
9:85462335 1 1 1 1
18:1407837 0 0 0 0
6:89650446 2 1 0 0
3:98702365 2 2 1 2
4:37885174 0 1 0 1
4:38096286 1 0 0 0
13:9121337 0 2 1 0
2:27457491 0 0 0 1
28:27996759 0 1 0 1
6:50475553 1 2 2 1
19:16967006 0 0 0 0
10:42461038 1 2 2 1
27:13510653 1 2 1 0
4:119226022 2 0 1 0
14:9380139 2 1 1 1
20:15490142 0 0 1 0
26:51259187 0 0 0 0
5:84481064 0 2 1 2
6:32278358 0 0 0 0
2:13221988 1 0 0 0
21:20049682 1 0 0 0
4:21440995 0 0 0 0
10:88961598 1 0 0 2
28:20891083 2 2 1 2
16:26042880 0 1 0 0
5:72040469 1 0 0 1
11:34837581 1 0 0 1
23:5236003 0 0 1 0
8:9410529 1 1 1 1
13:611042 0 0 0 1
7:1731841 1 1 0 1
21:63189442 0 0 0 0
27:39484534 1 2 1 1
23:28290023 1 1 0 1
1:133293307 1 2 1 0
13:79098640 2 0 1 1
15:61481906 0 0 0 0
27:36612031 0 1 0 0
7:71274904 2 0 1 2
5:114706356 1 0 1 1
10:81703796 1 2 1 1
2:86426918 0 2 0 1
23:11945765 1 1 0 1
8:10493672 0 0 0 1
3:59992827 2 1 1 2
9:85889761 1 0 2 0
8:88433965 1 1 1 1
11:24247406 1 2 2 2
4:22380591 0 0 0 0
18:51404194 0 2 0 1
6:101124910 0 1 1 0
29:4985399 2 2 0 0
3:8457158 1 1 0 0
25:6710853 0 1 1 1
8:2145325 1 1 1 1
28:27378921 0 0 1 0
29:31999340 0 0 0 0
21:28296925 0 0 0 1
3:34920152 2 2 2 2
11:35589520 0 0 0 0
2:91446478 1 1 2 2
11:102558474 0 1 1 0
4:99150754 1 0 1 0
2:74951131 0 0 1 1
2:133431393 0 1 1 1
29:14805612 0 0 2 0
19:59854030 0 1 1 1
6:22466801 0 0 0 0
1:151433800 0 0 0 0
4:3720274 1 1 0 0
1:24310786 1 1 1 0
16:12480488 0 0 1 0
3:24896803 2 0 1 0
24:53489077 0 0 0 0
15:40056712 1 0 0 1
18:55156545 1 1 0 1
4:77797241 0 1 2 2
9:100384558 2 0 0 1
14:2694206 2 1 2 2
10:84969221 0 0 0 0
14:21272764 0 0 0 0
18:60122998 1 1 1 0
10:26229101 0 1 0 0
1:70802913 0 1 1 0
2:3903483 1 1 1 1
2:130011481 1 2 1 2
4:80593609 0 2 0 0
22:39745806 0 2 2 1
29:20067645 1 1 2 1
25:41957153 1 1 1 2
1:63642106 0 0 0 0
21:60773710 0 1 1 1
5:45353521 1 1 2 1
22:16579981 1 2 1 1
6:67766680 1 0 0 1
6:24575143 1 1 0 0
25:39368664 0 0 0 1
16:34743843 1 1 0 1
5:50515073 2 2 2 2
11:37503457 1 0 1 1
12:55759521 1 1 2 1
9:72052749 0 1 1 1
19:32355227 0 0 0 0
22:22203682 0 1 0 1
16:37858947 1 0 0 0
27:8952411 1 1 0 0
9:26612073 0 0 0 0
7:72038046 2 2 2 2
6:5724504 0 1 1 0
6:33197395 1 2 2 2
15:31691198 0 0 0 0
4:110445922 1 0 1 0
21:24543893 2 2 2 2
28:34831788 1 2 2 1
4:48697874 0 0 2 0
17:35074768 0 2 2 1
11:94120825 0 0 0 0
6:109634180 2 1 1 1
13:53129476 1 0 1 0
22:59793614 1 0 1 0
25:37302389 1 0 1 1
2:9902000 0 0 0 0
7:16417956 1 0 1 0
9:17173948 0 2 2 1
10:83272213 2 1 1 1
13:78561609 0 0 1 0
13:63192213 0 1 0 0
6:35249420 1 1 0 1
1:133702882 1 1 2 0
26:36418463 1 1 1 1
6:27703999 1 0 1 1
20:25692289 0 0 1 0
8:1970203 1 0 0 0
26:44267719 0 0 0 0
8:24905110 0 0 0 0
5:37176083 0 0 0 0
2:45818042 2 2 2 2
17:34981139 1 1 1 0
7:103559365 2 1 1 2
16:32838550 2 2 2 1
4:111890156 1 2 2 1
12:55427445 0 0 0 0
1:148774791 0 0 1 0
10:15035668 0 0 0 0
19:21342631 0 1 1 2
9:100588908 1 1 2 1
6:26480005 0 0 0 0
15:68579009 2 0 0 0
9:3901818 0 1 2 0
20:60173203 2 1 0 1
22:20767621 0 1 1 0
12:39300356 1 1 0 2
24:32870035 0 1 0 0
8:65749913 1 0 0 0
3:22786952 0 1 1 0
11:32807977 1 2 0 1
11:24106828 1 1 1 2
7:1293492 0 0 0 0
20:27555922 1 1 0 0
1:68626263 1 0 2 1
1:2257347 1 1 1 2
26:14509606 1 1 1 2
17:49545638 0 1 1 1
4:108139770 0 1 1 0
2:105442170 2 1 1 0
1:113917548 0 1 1 2
24:12714132 0 2 2 0
4:104540048 0 0 0 0
6:85503742 2 2 1 1
23:28999043 1 1 1 1
9:47853538 0 0 1 0
17:6499478 2 1 0 0
5:101701200 2 2 2 2
15:63026853 0 1 1 1
12:40872411 0 1 2 2
2:41463049 1 0 2 0
25:2219598 1 1 1 1
2:112950049 0 0 0 0
21:24147972 2 1 0 2
21:8477508 0 2 1 0
3:120728469 0 1 0 1
5:106893494 0 1 0 1
1:51051345 0 0 1 1
14:80008650 0 1 0 0
7:22538395 0 1 2 2
16:13847018 0 0 0 0
18:17465908 2 2 2 0
19:17014107 0 1 1 0
2:51359573 0 2 2 1
5:94503999 1 1 2 2
29:35792854 0 0 0 0
21:10763517 1 1 0 0
8:92374221 2 1 2 2
3:35801213 1 2 2 2
15:81935433 1 1 1 0
23:17967882 0 0 0 0
7:82676730 2 1 2 2
5:93021659 0 0 1 1
29:19949688 2 2 1 1
21:35215602 1 2 2 2
14:76640119 2 0 2 2
9:15902286 1 1 2 1
1:104757782 1 0 0 0
27:28234952 1 2 0 1
9:26697805 1 0 0 1
22:20667629 0 1 0 0
16:17983040 1 2 1 1
21:13170352 0 0 0 0
10:44050236 1 0 0 2
17:8455480 0 0 0 0
7:74771488 0 0 0 0
11:89787728 1 0 1 0
3:86187197 0 2 1 1
9:5828561 2 2 2 2
11:57736265 0 0 0 0
14:12080035 1 0 1 1
19:3341019 0 1 0 0
9:10005254 1 0 1 2
2:16057781 0 1 0 0
5:85060382 0 0 0 0
5:88925828 1 2 0 0
5:86518543 0 0 0 0
9:54842524 0 1 1 1
4:75330282 0 0 0 0
4:74599369 0 0 0 0
12:17141375 1 2 0 0
29:13676954 1 1 1 2
24:28129485 0 0 0 0
6:106135262 1 1 0 1
25:6319563 2 1 1 0
10:34962842 0 0 0 0
15:62822804 0 0 0 0
12:13370881 0 0 0 0
5:62974278 1 1 0 0
14:6120069 0 0 0 0
2:75199003 0 1 0 1
24:14161972 1 0 1 1
21:66681492 0 1 1 0
18:4311611 0 0 0 0
16:56364622 0 0 0 0
17:68203085 1 1 0 0
23:32714057 0 0 0 0
19:29213028 0 0 0 0
12:69289377 1 0 0 0
2:40506846 1 2 1 1
2:3698798 1 2 0 2
17:2734031 1 2 0 0
24:14527246 0 0 0 0
8:103241936 1 1 2 0
23:21389890 0 1 0 1
24:52650670 0 0 0 0
4:75370280 2 0 1 1
28:22651231 0 0 0 0
29:5134066 0 0 0 0
26:9216404 2 0 0 0
21:51966080 0 0 1 1
10:89689900 1 2 2 2
8:34181095 0 0 0 0
20:1404809 1 0 2 0
27:11998979 1 1 2 2
19:7441024 0 2 0 0
4:14378442 1 0 1 0
17:54891547 0 0 0 0
3:25316749 0 0 0 0
13:63313386 0 0 0 0
21:67637407 0 0 0 1
7:109271552 2 1 0 1
6:111757138 0 2 1 1
6:42183260 2 2 2 2
6:117755757 1 0 1 1
11:46589956 1 0 2 1
4:12691049 0 0 0 0
20:13711640 0 1 1 1
5:40439654 1 0 0 0
28:19894016 0 0 1 2
24:23000006 0 2 0 1
4:105765229 0 0 0 0
24:53283251 0 1 1 1
4:105772873 0 1 2 2
1:125256657 0 1 0 0
14:48878897 0 0 0 0
20:31795332 0 0 0 0
21:13763320 0 0 0 0
21:40273927 0 1 0 1
18:60898611 1 1 0 2
20:55724837 1 2 0 1
7:59492337 0 0 0 1
3:106830861 1 0 0 0
17:29257509 1 2 2 2
21:60263816 0 1 1 0
25:37545160 2 1 1 0
8:14981963 2 2 2 2
20:51558505 0 0 0 0
8:63776744 0 0 1 0
8:90409340 1 1 1 1
1:60537102 0 1 1 1
13:47647523 0 0 1 1
23:41422777 0 0 0 0
2:116353347 2 0 2 1
14:44949462 0 0 0 0
2:27644807 0 0 0 2
5:27204810 0 0 1 0
3:25387972 0 0 0 0
4:78897382 1 0 1 0
4:7325489 0 0 0 2
12:22667445 0 1 0 0
20:42820278 0 2 2 1
24:9403738 0 0 0 0
4:82012756 0 0 0 0
15:55495728 1 0 1 1
9:101027872 0 1 1 1
24:45097196 1 2 1 0
14:46709878 0 2 0 1
27:18096063 0 0 1 1
13:42277628 1 2 1 0
12:87145169 1 1 1 1
4:91252441 0 0 2 0
14:71346717 0 0 0 0
1:142375166 2 0 0 1
25:14159322 1 1 2 2
4:45786812 1 2 1 1
1:149884626 2 1 2 1
8:26737020 0 0 0 0
3:43643358 0 0 0 0
16:59111853 1 0 1 1
16:21056326 1 0 1 0
20:60142636 2 1 0 1
1:119106670 1 1 1 2
7:110107416 1 1 1 1
26:8361311 0 2 2 1
8:106515291 0 0 0 0
4:91293366 0 0 0 0
23:10653049 1 1 1 1
10:91072664 1 0 0 0
21:37522098 0 0 1 1
7:85006923 2 2 2 2
22:16622257 1 2 2 1
1:53593283 1 1 1 1
26:44205994 2 2 1 1
11:22040966 0 1 0 0
13:34762449 0 0 0 0
8:92404619 2 1 2 1
18:14903188 2 2 2 1
24:20774025 2 1 2 2
18:61394921 0 0 0 0
20:7256286 2 0 1 1
15:37300946 0 0 0 0
26:39098131 0 1 0 1
6:75236946 0 0 0 0
11:71491966 0 1 1 0
18:62451011 2 2 1 2
23:34688902 0 0 0 0
13:79072231 0 1 0 1
14:45466732 0 0 0 0
16:947718 1 0 1 1
20:66339791 0 1 2 0
7:102793882 0 2 0 0
5:401954 0 0 0 0
28:32165445 0 0 0 0
26:16145811 1 0 1 0
18:61557042 1 2 0 1
5:92425124 0 2 2 1
26:22468896 2 2 2 1
7:38862568 0 1 0 0
8:17782069 0 0 0 0
27:34684439 1 1 2 2
12:60057466 0 0 0 0
26:26194878 0 0 0 0
23:35728540 0 0 0 0
26:19315479 1 0 0 0
2:78925975 2 2 1 2
3:62671689 1 1 2 1
6:90439468 0 0 0 1
19:54225175 0 1 2 0
21:60915669 0 1 0 0
11:24647676 2 0 1 2
11:18822804 1 1 1 2
14:48916886 0 0 0 0
1:80595387 2 2 1 2
10:1587825 0 0 0 0
16:60258083 0 1 0 0
20:23787339 2 1 2 2
1:51906150 0 0 0 0
15:23081768 2 2 2 2
25:22800622 1 0 0 0
16:75586699 0 0 0 0
2:122508024 0 1 0 0
1:153082161 0 2 2 2
5:7479633 0 0 0 0
7:94575247 0 0 0 0
3:27221798 1 0 1 0
5:93074091 1 2 1 1
13:82753235 0 0 1 1
2:106833529 0 0 0 0
8:5820615 2 1 2 2
15:21731778 0 1 0 0
1:128129237 0 0 0 1
14:52382979 0 0 1 0
20:50842101 0 0 1 1
26:6269489 2 2 1 2
12:83586387 0 0 0 0
18:13888032 0 0 0 0
8:63616114 2 0 2 2
7:58969572 0 0 0 0
9:63602159 2 1 1 1
7:41812721 0 0 0 0
8:85726012 0 0 0 0
24:8673173 1 0 0 0
7:97175276 0 0 0 0
4:23517435 1 1 1 0
27:17582546 2 2 2 2
14:32922320 1 0 0 0
8:65955316 0 0 0 1
6:75389580 0 2 2 2
17:15332681 2 2 2 2
24:45177499 1 1 0 0
29:8014314 0 1 2 2
16:27994615 1 1 1 2
4:107460791 0 0 0 0
5:13825857 0 2 0 1
1:66258464 2 1 2 2
15:26404911 0 0 0 0
9:82741982 0 0 0 0
10:57241304 1 2 0 1
14:9815839 0 0 0 0
14:48053321 0 0 0 0
14:8205585 2 2 2 2
19:60786904 2 1 1 2
7:96995101 1 1 2 1
11:73842885 2 1 0 1
20:36203926 1 2 0 1
17:69440052 1 2 1 2
27:43422488 2 2 2 2
2:115886929 0 0 0 0
8:112572768 0 0 2 0
2:134732160 0 0 0 0
21:39702791 0 0 0 0
4:76664939 0 0 1 0
24:22737456 0 0 0 0
20:42539491 0 0 0 0
3:37438880 0 0 0 1
27:33458653 0 0 1 0
3:73527773 0 0 0 1
11:7589741 0 2 2 0
9:102735415 0 0 0 0
1:51788724 0 2 1 1
17:56373250 0 1 1 2
13:79364046 1 2 1 1
14:28211899 0 0 0 0
15:66746345 1 1 2 2
3:84330265 0 1 0 1
14:31705170 0 0 2 1
15:12523023 1 2 0 0
10:16635862 0 0 0 0
26:48293314 1 2 2 1
4:19649807 1 1 1 1
7:35392355 1 0 0 0
12:75267533 1 0 1 1
12:76483856 1 1 1 0
5:48901196 1 1 1 2
11:60565979 2 0 1 1
6:110899279 0 0 1 1
9:56532716 0 0 1 0
10:16688413 2 1 2 2
24:32950287 0 1 0 0
5:33570497 0 1 0 0
15:44841114 1 0 1 2
10:40183338 0 1 2 2
26:17253735 1 1 0 0
2:83574293 0 0 0 0
22:2520017 0 0 1 0
13:57653123 1 1 2 1
4:98082773 2 0 2 0
11:85757735 0 2 0 0
1:22565519 0 1 0 1
21:45076205 0 0 0 0
13:44734031 1 0 2 2
8:79635302 1 2 2 2
15:10373099 0 1 0 0
11:8951643 0 0 0 0
3:100364461 0 0 0 0
10:65154219 0 0 0 0
16:76661191 0 1 1 0
6:17540889 0 0 1 0
18:27326925 2 1 1 0
2:10077068 0 0 0 0
16:68905653 1 1 2 1
24:59563558 0 1 1 1
29:7169408 2 2 0 1
27:13354325 1 2 0 0
7:6337233 1 0 2 1
7:72865918 0 1 0 0
17:28608187 0 0 0 0
4:106427990 1 2 2 2
28:22325552 0 1 0 0
2:17849917 2 0 2 2
11:103206156 1 1 1 1
29:33973096 0 1 0 0
16:32274945 0 1 0 0
21:69396072 1 0 0 1
12:1501303 0 2 1 0
17:57744289 0 0 1 0
5:110154148 1 0 0 1
7:90253433 0 0 1 0
15:81973469 0 0 0 0
6:111823030 0 0 0 0
7:80164281 1 0 1 1
19:59155218 1 1 1 1
6:48900125 0 1 1 1
26:5341621 2 2 2 2
16:58956551 1 0 0 1
13:62422777 2 2 2 2
8:81609798 0 0 0 0
10:60083642 2 2 2 2
3:118889137 0 1 1 0
6:80574668 2 1 2 2
26:20643512 0 0 0 0
7:71341289 0 2 0 1
27:43505112 1 1 0 0
7:109600007 1 0 0 0
8:36656878 0 0 0 0
4:86245515 1 0 0 0
22:40515647 0 1 2 0
25:5775940 1 1 1 1
12:42705489 0 0 0 0
6:39817890 0 0 1 2
27:20908028 1 1 0 1
1:91040924 0 0 0 0
12:39792949 0 1 1 0
12:18305295 0 0 0 0
5:102506874 0 1 0 0
9:74444384 0 0 0 0
16:7001617 1 0 0 0
3:74304816 2 2 2 2
1:53217690 0 0 1 0
18:59019374 0 0 0 1
1:77358650 2 1 1 1
16:16418641 1 2 2 1
14:49983300 0 1 1 2
6:69056599 0 0 0 0
7:56617649 1 2 1 1
13:13328024 1 1 1 1
4:87264991 0 0 0 0
7:9105577 0 0 0 1
20:46199699 0 1 0 1
4:105483830 2 0 1 0
28:1972840 1 1 1 0
23:35256168 2 1 0 1
9:99990354 1 0 0 1
13:3302140 1 1 0 1
20:67008892 0 0 0 0
18:12395617 0 0 0 0
2:74535487 0 0 0 0
25:643479 0 0 0 0
13:80197418 1 1 0 1
23:7517588 1 1 0 0
3:99896104 1 2 1 0
21:52643566 1 0 1 0
14:6029104 0 0 0 0
8:94013984 2 1 2 1
17:55283984 0 1 0 0
2:26136440 0 1 0 0
5:86959406 0 0 0 0
4:71735760 0 0 0 0
10:31188971 2 0 2 2
10:63318903 0 2 2 0
5:117502282 1 0 1 0
8:88321166 2 0 2 2
4:89475176 0 0 1 1
4:98931732 0 0 0 0
2:44879049 0 0 0 0
20:11059793 0 0 0 0
12:16274850 0 0 1 0
25:18279555 2 2 1 2
8:111595785 0 0 0 0
1:57998196 2 1 1 1
6:61540806 2 1 0 2
17:61208206 0 2 0 1
11:23699185 2 1 0 1
21:40481295 0 1 0 0
7:25375297 0 0 0 0
27:15217715 1 1 1 2
8:51052719 0 0 0 0
1:142763825 0 0 1 1
6:17354570 0 0 0 0
29:1371342 0 0 0 0
29:4026396 0 0 1 1
29:43172481 0 0 0 0
22:50651551 0 1 0 0
20:42310964 2 2 2 1
2:129164429 1 0 1 2
2:134192554 0 0 0 0
24:32306878 1 1 2 1
29:20921942 1 0 1 0
14:10175712 2 1 0 0
17:17679198 1 0 1 1
9:91588519 0 0 1 0
5:113173486 1 1 1 2
18:58760556 2 2 1 1
7:109234298 0 0 0 0
7:72058725 2 1 1 1
6:40787505 2 2 2 1
5:90564111 0 1 2 1
1:142811960 0 1 0 0
16:48121069 0 0 0 0
15:64344334 1 2 1 1
15:44518666 0 2 1 2
26:50441566 0 0 0 0
8:81951661 0 0 0 0
4:4332870 1 1 2 2
17:15498400 0 1 0 1
28:44158323 0 0 0 0
25:15984077 1 1 1 2
2:46973608 0 0 0 0
26:38053045 0 0 0 0
3:96207350 1 2 0 2
13:67966491 1 1 2 1
8:76092675 1 2 2 2
3:116386619 1 1 2 2
5:119743901 1 1 0 1
9:56193789 2 2 2 2
1:23866632 0 0 0 0
1:11260442 0 1 1 0
6:106523679 0 1 0 0
1:137438516 2 1 1 1
8:3338687 2 2 2 2
6:93650118 2 2 2 2
16:12955965 0 0 0 0
9:24843707 0 0 0 0
13:65149037 0 1 0 0
21:12758580 0 1 0 1
3:120765925 0 0 0 0
10:30129321 1 2 2 1
10:12271609 0 0 0 0
9:16252878 0 1 0 0
26:33733283 1 0 1 0
19:59099108 0 0 1 1
4:75016277 0 0 0 0
4:82897088 0 2 1 1
15:58590759 0 0 0 1
10:15261842 1 1 2 2
7:7549734 2 0 1 2
2:127391776 0 1 1 1
2:93627875 0 1 2 2
8:98025827 0 2 0 2
14:4524482 0 0 0 1
3:116582783 0 0 0 0
20:30086008 0 1 0 0
29:35046127 0 0 0 0
10:78123606 0 1 2 1
4:27597155 0 1 1 1
24:43753705 0 1 0 0
25:1633698 2 2 2 2
19:15105742 2 2 2 2
20:53422008 1 0 1 2
22:15179749 1 0 2 2
7:86007272 1 1 1 1
10:85657077 0 0 1 0
2:76034511 1 0 0 1
8:108076933 0 0 0 0
2:63537143 0 0 0 0
12:1691035 0 0 0 0
3:72841906 1 0 1 0
6:68881124 1 2 2 1
14:35697029 1 0 0 0
12:32955118 0 0 0 0
5:74422510 0 0 1 0
9:40692872 0 1 1 0
23:45735438 0 0 0 0
3:88285560 1 2 0 2
5:21122606 1 1 2 1
3:116596286 1 0 1 0
11:35075228 0 0 0 0
13:30827009 0 1 0 0
6:44448534 0 0 0 0
15:23396866 2 1 1 1
25:30111669 0 0 0 0
17:56318850 0 1 1 1
10:10686445 2 2 2 2
28:15570519 2 2 1 2
26:46086099 0 0 0 0
11:51355709 0 0 0 0
10:27152491 0 0 0 1
8:104449954 0 0 0 0
23:48998653 2 0 1 2
16:75972057 1 0 0 1
2:14912958 1 0 1 2
14:32768773 0 0 0 0
6:34572981 0 1 2 1
3:98837590 0 0 0 0
6:64088658 0 0 1 1
5:7385641 0 0 0 0
29:1266422 0 1 2 1
4:116320780 1 1 1 1
26:12226693 1 0 0 0
17:2648901 0 0 0 0
9:52604087 0 0 2 0
4:50235318 1 0 1 2
27:15112557 1 2 0 1
26:51088823 0 0 0 1
4:83672354 1 1 2 1
29:33021532 2 2 2 1
17:55074015 1 2 2 1
8:113006577 0 0 0 2
11:77484346 1 0 0 1
12:87111520 0 0 0 0
8:68430676 0 0 0 0
24:28744669 0 0 0 0
16:15498293 0 0 0 0
6:23819795 1 1 1 0
26:45940381 1 1 2 1
4:71385628 0 2 2 2
3:81195636 0 1 1 1
4:116170418 0 0 0 0
10:91477374 2 1 2 1
1:39371239 0 0 0 0
1:149456125 0 2 1 1
15:7158818 1 1 1 0
4:75466347 0 2 1 1
9:68654000 0 0 0 0
21:51246017 2 0 1 0
7:2860077 1 1 1 0
15:8939468 2 1 1 1
11:85792380 1 0 0 0
5:107788748 0 0 0 0
22:7817030 2 1 1 2
27:41010916 0 0 0 0
12:83642521 1 0 1 1
5:9947751 1 1 1 1
11:64078951 0 0 0 0
23:15591046 2 1 0 1
26:33677786 1 2 2 2
8:87122615 2 2 1 2
20:50499847 0 1 2 2
14:77911504 1 0 1 0
12:81750415 0 0 0 0
5:6695356 0 2 2 2
4:15083933 0 0 0 0
5:117607227 1 2 2 1
20:2488720 1 2 0 1
11:40205593 0 0 1 0
9:53631667 1 0 1 0
9:34508292 0 0 1 0
6:101175378 0 1 0 0
25:14762609 0 0 0 0
8:96520793 0 1 0 1
17:35841846 0 2 0 0
5:115308032 2 0 1 1
28:34713926 1 1 1 2
15:5781172 2 1 2 2
27:20605620 0 1 0 0
24:31874831 0 0 0 0
8:68333674 0 1 1 0
15:45900317 0 0 1 0
22:17877351 0 0 1 1
9:23213059 2 2 1 2
28:28025520 0 1 0 1
1:91959073 2 2 0 2
7:59211629 1 1 2 1
7:12328784 2 1 1 2
8:45310015 2 1 1 1
12:63143212 2 1 1 0
17:25899183 0 0 0 0
8:23683288 1 1 1 2
11:6935632 1 0 1 1
3:117215044 1 1 0 0
19:9376114 0 0 0 0
24:262029 0 0 0 0
20:65790563 0 2 0 0
1:18000282 0 1 1 0
6:71501595 0 0 0 0
22:32655834 0 0 1 1
21:42782635 0 0 0 0
10:60446255 2 2 1 1
27:34504313 0 0 0 0
2:118379034 0 0 0 0
1:145037638 0 1 0 0
19:10859672 0 1 1 1
13:11461969 0 0 0 0
23:6674837 2 1 2 2
20:29355332 0 0 0 0
6:80324269 1 0 0 0
21:13907742 1 0 0 0
7:106973348 1 1 0 1
8:37636115 0 1 1 1
21:7600440 0 1 0 0
8:36970066 0 0 1 0
19:45198430 2 1 0 0
13:58974556 0 0 0 0
21:38291342 0 0 0 0
7:104442252 0 0 0 0
17:8399673 1 0 0 0
8:52634517 0 1 1 2
3:113024455 0 0 0 0
15:34270840 1 2 0 0
3:25282500 0 1 0 0
1:21408185 2 1 1 2
8:67462136 0 0 1 1
14:46644297 0 2 1 1
13:62100266 1 1 0 1
27:8191931 1 1 1 1
8:39208984 0 0 0 1
5:84631727 1 0 0 2
3:4168884 2 2 1 2
5:50106843 1 0 2 1
17:65052306 0 0 0 0
29:17620258 0 0 0 0
27:7798314 0 0 0 0
17:45839100 1 2 2 0
10:6077496 0 0 1 0
19:30080372 0 0 1 0
7:27052607 0 1 1 0
18:9030093 1 1 1 2
11:35719747 1 0 0 1
24:44302647 1 1 1 2
5:102786160 1 0 1 1
21:44981638 0 0 0 0
16:35067979 0 0 0 0
21:24531879 1 0 0 0
7:96770079 0 0 0 0
2:9962187 0 0 0 0
11:6513387 0 0 0 0
6:11217763 0 1 1 0
1:21720344 1 1 0 1
19:34299581 0 0 0 0
1:155770640 1 0 0 1
15:503479 1 0 0 1
6:2986539 0 0 0 0
10:95499986 1 0 0 0
21:42005701 2 1 1 2
25:31580585 2 1 2 2
14:30366216 1 0 0 0
20:65251590 1 2 2 2
16:68697977 1 1 2 1
14:4220789 0 0 0 1
2:19758185 2 2 2 2
15:72696430 0 2 1 0
19:19594398 1 2 2 0
16:4250054 1 2 2 2
20:54833650 1 2 1 0
7:7291100 1 1 2 0
14:56342599 1 2 0 1
3:9030924 1 1 1 2
1:91604689 1 0 0 0
9:70329436 1 1 1 0
17:28630125 0 1 0 0
4:16303338 2 2 2 2
21:47485589 2 2 2 2
13:83199427 2 0 1 0
2:91198493 1 2 0 0
19:29612086 0 0 0 0
1:35498091 2 1 1 0
15:23815442 0 0 0 1
24:48289122 0 0 0 0
13:73240489 0 0 0 0
14:48355968 0 2 2 1
4:88827314 0 0 0 1
21:14450850 2 2 2 2
6:78359389 1 2 2 2
13:30775799 0 0 0 0
5:101141397 0 1 0 0
5:83760018 0 1 1 1
1:30236063 2 1 1 2
25:16671083 2 1 1 1
1:148965339 0 0 0 0
29:1330610 0 0 1 0
27:35617403 0 0 0 1
16:15285794 0 2 0 0
11:97366053 2 1 1 2
26:3031805 2 0 2 1
10:50365728 1 2 2 1
6:56483040 0 0 0 0
29:20532099 0 0 0 0
2:123795417 0 0 0 0
7:4718422 0 0 0 0
6:8225601 2 1 2 1
19:54726357 0 1 2 0
3:109685678 0 2 0 0
1:131529134 1 1 2 1
16:52258288 2 2 1 0
10:88586494 0 0 0 0
17:26361057 0 1 1 0
23:40311242 1 0 0 0
26:38114867 0 1 0 1
4:5784275 2 1 2 2
7:27953609 2 1 0 0
6:29641294 0 0 0 0
8:84965450 0 0 0 0
1:47785545 0 1 1 1
1:21536611 2 1 0 1
26:37072135 0 1 0 1
1:25474598 2 1 1 1
5:10994459 1 0 1 1
19:62237771 2 1 1 1
29:47467459 1 1 2 1
4:19641653 1 1 0 0
29:26217129 0 0 0 0
3:21129064 2 2 2 2
6:13110252 0 0 0 0
23:23746927 2 0 0 0
13:49736083 0 0 0 0
5:14700309 2 1 1 1
22:37131040 0 0 1 0
15:67652501 0 0 0 0
4:99513626 0 1 0 2
29:11701768 0 0 0 0
15:75804534 0 1 1 0
5:110901736 0 1 1 2
10:4499322 1 2 2 2
2:5685396 0 1 0 0
8:43487849 0 1 1 1
2:76375636 0 0 0 0
24:57019594 0 1 1 0
25:8232050 0 0 0 0
20:52981863 2 2 1 2
17:20523432 2 1 2 2
13:57641410 0 0 0 0
17:71224085 2 2 2 2
8:48505535 0 0 0 1
19:54497430 1 2 2 1
27:34364806 0 0 2 0
18:60152913 1 0 1 1
21:39848553 1 0 0 0
27:9823678 0 0 0 0
17:35881452 0 1 0 0
2:13238840 1 0 1 0
21:19496749 0 0 0 0
20:18516258 0 1 1 0
6:105886470 2 2 2 1
10:31968333 2 1 1 2
1:86655098 0 0 0 0
4:27850141 0 0 0 0
8:11728657 0 0 0 0
6:5259579 0 0 0 0
22:3973949 0 0 0 0
1:129761850 0 2 0 0
1:26146226 1 1 2 2
2:134339050 2 2 1 0
20:4293913 0 0 1 0
10:48113843 1 0 1 0
27:20806944 1 0 0 0
4:84425514 0 1 1 1
2:58918439 0 0 0 0
14:17722328 2 2 2 1
22:59255582 1 0 1 1
2:87879366 1 2 2 2
10:90848714 0 0 0 0
9:55237111 0 1 1 0
2:106810736 1 1 1 1
3:21102640 2 2 2 2
21:64749825 1 1 1 1
11:51252494 2 2 2 1
20:8460555 1 1 0 0
5:63344878 1 0 1 1
22:27578380 0 1 0 1
3:64426161 1 0 2 2
3:59183095 0 0 0 0
15:23419103 1 0 1 1
23:50015162 0 0 0 0
11:65488714 0 0 0 0
10:73996887 0 0 0 0
4:20951982 2 2 2 1
9:2782890 1 1 1 0
20:34970314 2 2 2 1
7:1108167 2 1 2 2
18:7989582 2 2 2 2
11:89845951 0 0 1 1
6:107005113 1 0 0 1
4:16376164 2 2 2 2
4:81225558 0 2 0 0
18:22892541 0 0 1 0
3:12955004 1 2 1 0
